3196
2772
2985
3198
2773
2987
3200
2775
2989
3202
2777
2990
3204
2778
2992
3206
2780
2994
3208
2782
2996
3210
2783
2997
3211
2785
2999
3213
2786
3001
3215
2788
3003
3217
2790
3004
3219
2791
3006
3221
2793
3008
3223
2795
3010
3225
2796
3011
3226
2798
3013
3228
2799
3015
3230
2801
3017
3232
2803
3018
3234
2804
3020
3236
2806
3022
3238
2808
3024
3240
2809
3025
3241
2811
3027
3243
2812
3029
3245
2814
3031
3247
2816
3032
3249
2817
3034
3251
2819
3036
3253
2821
3038
3255
2822
3039
3256
2824
3041
3258
2825
3043
3260
2827
3045
2829
2830
2832
2834
2835
2837
2838
2840
2842
2843